0.000089  0.999730  0.000091  0.000090
0.000108  0.000112  0.000111  0.999669
0.000109  0.999669  0.000111  0.000111
0.000122  0.999628  0.000124  0.000125
0.000186  0.999435  0.000189  0.000190
0.000157  0.999524  0.000159  0.000161
0.000137  0.999577  0.000142  0.000144
0.000218  0.999336  0.000222  0.000224
0.000097  0.999705  0.000099  0.000099
0.000137  0.999583  0.000139  0.000141
0.000148  0.999549  0.000151  0.000152
0.998896  0.000374  0.000364  0.000367
0.000178  0.999462  0.000180  0.000180
0.000696  0.997885  0.000707  0.000712
0.000100  0.999696  0.000102  0.000102
0.000109  0.517622  0.000112  0.482156
0.000108  0.999671  0.000110  0.000111
0.000104  0.999683  0.000106  0.000106
0.000110  0.999667  0.000111  0.000112
0.000130  0.999605  0.000132  0.000133
0.000128  0.999611  0.000130  0.000131
0.000111  0.999664  0.000112  0.000113
0.000194  0.999406  0.000199  0.000201
0.000097  0.999707  0.000098  0.000099
0.000087  0.116557  0.000090  0.883265
0.000118  0.999637  0.000122  0.000123
0.000093  0.000095  0.722539  0.277274
0.000116  0.909668  0.000120  0.090096
0.000114  0.000118  0.999649  0.000119
0.000144  0.999563  0.000146  0.000147
0.000099  0.999700  0.000101  0.000101
0.000094  0.999715  0.000096  0.000096
0.000186  0.999436  0.000189  0.000190
0.000131  0.999601  0.000133  0.000134
0.000091  0.000094  0.000093  0.999722
0.000114  0.999652  0.000116  0.000117
0.000100  0.000104  0.000104  0.999692
0.000087  0.999735  0.000089  0.000089
0.000116  0.999645  0.000119  0.000120
0.000113  0.999655  0.000115  0.000116
0.000099  0.999700  0.000100  0.000101
0.000111  0.999663  0.000113  0.000114
0.000117  0.999644  0.000119  0.000120
0.000097  0.999704  0.000099  0.000100
0.000123  0.999627  0.000124  0.000126
0.998774  0.000416  0.000403  0.000407
0.000110  0.999664  0.000112  0.000114
0.998611  0.000472  0.000457  0.000460
0.000432  0.998690  0.000438  0.000440
0.000258  0.999214  0.000263  0.000265
0.000109  0.999664  0.000113  0.000114
0.000114  0.000118  0.000118  0.999649
0.000089  0.000093  0.999724  0.000093
0.000182  0.999445  0.000186  0.000187
0.000128  0.000133  0.999605  0.000133
0.000114  0.999652  0.000117  0.000117
0.000192  0.999418  0.000194  0.000197
0.000140  0.999575  0.000142  0.000143
0.000132  0.486904  0.000135  0.512829
0.000093  0.999715  0.000096  0.000096
0.000171  0.999480  0.000174  0.000175
0.000117  0.000121  0.000120  0.999642
0.000089  0.498425  0.000091  0.501395
0.000118  0.000122  0.000122  0.999638
0.000150  0.999544  0.000152  0.000154
0.000178  0.999459  0.000181  0.000182
0.000200  0.000207  0.710364  0.289229
0.000120  0.999635  0.000122  0.000123
0.000136  0.000141  0.000141  0.999582
0.000187  0.999433  0.000190  0.000190
0.000134  0.000140  0.999587  0.000139
0.000099  0.999698  0.000101  0.000102
0.000198  0.376677  0.000203  0.622922
0.000119  0.000124  0.999632  0.000125
0.000126  0.999617  0.000128  0.000129
0.000124  0.999624  0.000126  0.000126
0.000097  0.999705  0.000099  0.000099
0.000091  0.999724  0.000093  0.000093
0.000134  0.999593  0.000136  0.000137
0.000127  0.999613  0.000129  0.000130
0.000164  0.999499  0.000168  0.000169
0.000116  0.000120  0.000119  0.999645
0.000145  0.999560  0.000148  0.000146
0.000108  0.962569  0.000112  0.037210
0.000091  0.000094  0.000094  0.999721
0.000111  0.000116  0.000116  0.999657
0.000095  0.999711  0.000097  0.000097
0.000421  0.998717  0.000429  0.000433
0.000091  0.999722  0.000093  0.000094
0.000095  0.999711  0.000096  0.000097
0.000363  0.998894  0.000369  0.000373
0.000105  0.999681  0.000107  0.000108
0.000181  0.999451  0.000183  0.000185
0.000160  0.000167  0.000166  0.999507
0.000124  0.999624  0.000125  0.000127
0.000143  0.000148  0.000148  0.999561
0.000124  0.999623  0.000126  0.000127
0.000162  0.000168  0.999503  0.000167
0.000129  0.999608  0.000132  0.000132
0.000122  0.000126  0.000126  0.999626
0.000113  0.999655  0.000115  0.000116
