0.000071  0.000071  0.999717  0.000071  0.000071
0.000086  0.000085  0.000086  0.999658  0.000085
0.000087  0.000086  0.999654  0.000087  0.000086
0.999611  0.000097  0.000098  0.000097  0.000097
0.000148  0.000147  0.999411  0.000147  0.000147
0.999504  0.000124  0.000124  0.000124  0.000124
0.999566  0.000108  0.000109  0.000109  0.000108
0.000174  0.000172  0.999308  0.000173  0.000173
0.000077  0.000076  0.999693  0.000077  0.000077
0.999564  0.000109  0.000109  0.000109  0.000109
0.000118  0.000117  0.999530  0.000118  0.000117
0.000284  0.998867  0.000284  0.000283  0.000282
0.000141  0.000140  0.999437  0.000141  0.000141
0.997790  0.000551  0.000554  0.000553  0.000551
0.000080  0.000079  0.999683  0.000079  0.000079
0.000086  0.000086  0.489144  0.510598  0.000086
0.000086  0.000086  0.999656  0.000086  0.000086
0.000083  0.000082  0.999668  0.000084  0.000082
0.000087  0.000086  0.999653  0.000087  0.000087
0.999588  0.000103  0.000103  0.000103  0.000103
0.000102  0.000101  0.999594  0.000102  0.000101
0.000088  0.000087  0.999649  0.000088  0.000088
0.999387  0.000153  0.000154  0.000153  0.000153
0.000077  0.000076  0.999693  0.000077  0.000076
0.000069  0.000069  0.111487  0.888306  0.000069
0.999625  0.000093  0.000094  0.000094  0.000094
0.000074  0.000073  0.000074  0.999706  0.000073
0.945990  0.000092  0.000093  0.053733  0.000092
0.000091  0.000090  0.000091  0.999639  0.000090
0.000114  0.000114  0.999544  0.000114  0.000114
0.000078  0.000078  0.999687  0.000079  0.000078
0.000074  0.000074  0.999703  0.000075  0.000074
0.000148  0.000146  0.999412  0.000147  0.000147
0.000104  0.000104  0.999584  0.000104  0.000104
0.000072  0.000072  0.000072  0.999713  0.000072
0.999636  0.000091  0.000091  0.000091  0.000091
0.000080  0.000079  0.000080  0.999682  0.000079
0.000069  0.000069  0.999724  0.000069  0.000069
0.999634  0.000091  0.000092  0.000092  0.000091
0.000090  0.000090  0.999640  0.000090  0.000090
0.287812  0.000078  0.711953  0.000079  0.000078
0.000088  0.000088  0.999648  0.000088  0.000088
0.088632  0.000093  0.911089  0.000093  0.000093
0.000077  0.000077  0.999692  0.000077  0.000077
0.999610  0.000097  0.000098  0.000098  0.000097
0.000315  0.000313  0.998744  0.000314  0.000313
0.000087  0.000087  0.999651  0.000087  0.000087
0.000358  0.998571  0.000358  0.000357  0.000356
0.000343  0.000341  0.998631  0.000343  0.000341
0.000205  0.000204  0.999181  0.000205  0.000204
0.999656  0.000086  0.000086  0.000086  0.000086
0.000091  0.000090  0.000091  0.999637  0.000091
0.000071  0.000071  0.000071  0.999716  0.000071
0.999422  0.000144  0.000145  0.000145  0.000144
0.000102  0.000102  0.000102  0.999591  0.000102
0.000091  0.000091  0.999637  0.000091  0.000091
0.999393  0.000151  0.000152  0.000152  0.000152
0.000111  0.000110  0.999557  0.000111  0.000111
0.000104  0.000104  0.000104  0.999583  0.000104
0.000076  0.000074  0.999698  0.000078  0.000074
0.000136  0.000135  0.000136  0.000136  0.999458
0.000093  0.000092  0.000093  0.999629  0.000093
0.420099  0.000070  0.000070  0.579691  0.000070
0.000094  0.000093  0.000094  0.999625  0.000093
0.999523  0.000119  0.000120  0.000119  0.000119
0.000142  0.000141  0.999435  0.000141  0.000141
0.000159  0.000158  0.000159  0.999367  0.000158
0.229733  0.000095  0.769981  0.000095  0.000095
0.000110  0.000108  0.000108  0.999565  0.000108
0.999409  0.000147  0.000148  0.000148  0.000148
0.000107  0.000106  0.000107  0.999573  0.000107
0.999687  0.000078  0.000078  0.000078  0.000078
0.000157  0.000156  0.000157  0.000157  0.999374
0.000096  0.000095  0.000095  0.999620  0.000095
0.000100  0.000099  0.999601  0.000100  0.000099
0.000098  0.000098  0.999607  0.000098  0.000098
0.000077  0.000077  0.999692  0.000077  0.000077
0.000072  0.000072  0.999712  0.000072  0.000072
0.000105  0.000105  0.999580  0.000105  0.000105
0.239915  0.000101  0.759782  0.000101  0.000101
0.000131  0.000130  0.999478  0.000131  0.000130
0.000092  0.000092  0.000092  0.999633  0.000092
0.000116  0.000115  0.999538  0.000116  0.000115
0.999657  0.000085  0.000086  0.000086  0.000085
0.000072  0.000072  0.000072  0.999711  0.000072
0.000088  0.000088  0.000088  0.999648  0.000088
0.000074  0.000075  0.999700  0.000075  0.000075
0.000336  0.998659  0.000336  0.000335  0.000334
0.000071  0.000072  0.999712  0.000073  0.000072
0.000077  0.000075  0.999697  0.000075  0.000075
0.000289  0.000287  0.998847  0.000289  0.000288
0.000083  0.000083  0.999668  0.000084  0.000083
0.999430  0.000142  0.000143  0.000143  0.000142
0.000128  0.000127  0.000128  0.999490  0.000127
0.999607  0.000098  0.000099  0.000099  0.000098
0.000114  0.000113  0.000114  0.999546  0.000113
0.000099  0.000098  0.999606  0.000099  0.000098
0.000129  0.000128  0.000129  0.999486  0.000128
0.000103  0.000102  0.999591  0.000102  0.000102
0.000097  0.000096  0.000097  0.999613  0.000097
0.155531  0.000089  0.844201  0.000090  0.000089
